# Camera Frames

## Looking at Pacman getting chased by the ghosts.

0.6583191156387329, -0.07385919243097305, 0.7491132616996765, 0,
0.46038660407066345, 0.8268566131591797, -0.3230619430541992, 0,
-0.5955453515052795, 0.5575538277626038, 0.5783360004425049, 0,
1.2250137329101562, -3.7885797023773193, -0.20655390620231628, 1
 
## Looking at joystick with buttons in background

0.12148731201887131, 0.5582423806190491, -0.8207424879074097, 0,
-0.9925970435142517, 0.0707375779747963, -0.09881264716386795, 0,
0.002899223705753684, 0.826664924621582, 0.5626993179321289, 0,
-2.6825735569000244, -0.2315375655889511, -1.30268394947052, 1

## Looking down at the game with the joystick, buttons and ghosts in view

0.9990979433059692, 0.015316596254706383, -0.03973287343978882, 0,
-0.035764697939157486, 0.8082860708236694, -0.5877227783203125, 0,
0.023112991824746132, 0.5886070728302002, 0.8081002235412598, 0,
0.6031315922737122, -0.693498432636261, -6.678506851196289, 1
